# Created by Octave 4.2.1, Thu Nov 30 23:01:38 2017 IST <shubham1172@shubham1172>
# name: data
# type: matrix
# rows: 742
# columns: 4
 1 20.6515007019043 73.11250305175781 1
 1 20.64170074462891 73.10289764404297 2
 1 20.6786003112793 73.10179901123047 3
 1 20.67749977111816 73.11620330810547 4
 1 20.67099952697754 73.10890197753906 5
 1 20.64949989318848 73.13279724121094 6
 1 20.6609001159668 73.12419891357422 7
 1 20.66180038452148 73.12169647216797 8
 1 20.72319984436035 73.11080169677734 9
 1 20.71339988708496 73.1083984375 10
 1 20.71599960327148 73.11849975585938 11
 1 20.71590042114258 73.13020324707031 12
 1 20.70899963378906 73.09420013427734 13
 1 20.72979927062988 73.08309936523438 14
 1 20.72030067443848 73.1094970703125 15
 1 20.71430015563965 73.09279632568359 16
 1 20.69350051879883 73.09439849853516 17
 1 20.69759941101074 73.08989715576172 18
 1 20.76420021057129 73.08209991455078 19
 1 20.73789978027344 73.09339904785156 20
 1 20.75480079650879 73.06800079345703 21
 1 20.75279998779297 73.07399749755859 22
 1 20.74670028686523 73.07199859619141 23
 1 20.75149917602539 73.07330322265625 24
 1 20.7411994934082 73.09999847412109 25
 1 20.76149940490723 73.06600189208984 26
 2 20.64349937438965 73.07939910888672 27
 2 20.69319915771484 73.05919647216797 28
 2 20.68939971923828 73.05210113525391 29
 2 20.66370010375977 73.05979919433594 30
 2 20.66830062866211 73.07240295410156 31
 2 20.6702995300293 73.05190277099609 32
 2 20.67460060119629 73.06069946289062 33
 2 20.67449951171875 73.056396484375 34
 2 20.68330001831055 73.04540252685547 35
 2 20.69070053100586 73.06800079345703 36
 2 20.6697998046875 73.04360198974609 37
 2 20.67510032653809 73.03089904785156 38
 2 20.7140998840332 73.06590270996094 39
 2 20.71310043334961 73.06999969482422 40
 2 20.71209907531738 73.06479644775391 41
 2 20.71139907836914 73.06849670410156 42
 2 20.71990013122559 73.06800079345703 43
 2 20.71680068969727 73.05960083007812 44
 2 20.7101001739502 73.05010223388672 45
 2 20.73419952392578 73.05500030517578 46
 2 20.73690032958984 73.05590057373047 47
 2 20.75729942321777 73.05999755859375 48
 2 20.75799942016602 73.05999755859375 49
 2 20.7682991027832 73.06330108642578 50
 3 20.63430023193359 73.09369659423828 51
 3 20.63479995727539 73.09329986572266 52
 3 20.6481990814209 73.09449768066406 53
 3 20.65850067138672 73.10449981689453 54
 3 20.63549995422363 73.10970306396484 55
 3 20.62969970703125 73.10890197753906 56
 3 20.62439918518066 73.10720062255859 57
 3 20.6658992767334 73.08920288085938 58
 3 20.63669967651367 73.07579803466797 59
 3 20.6338005065918 73.07630157470703 60
 3 20.62870025634766 73.07330322265625 61
 3 20.62039947509766 73.08499908447266 62
 3 20.62330055236816 73.08699798583984 63
 3 20.61149978637695 73.07340240478516 64
 3 20.61669921875 73.12509918212891 65
 3 20.60790061950684 73.12020111083984 66
 3 20.62669944763184 73.14070129394531 67
 3 20.60519981 73.13569640999999 68
 3 20.63299942016602 73.13339996337891 69
 3 20.61429977416992 73.15450286865234 70
 3 20.63500022888184 73.12229919433594 71
 3 20.60910034179688 73.09429931640625 72
 3 20.61009979248047 73.08339691162109 73
 3 20.60059929 73.11340332 74
 3 20.61420059204102 73.10230255126953 75
 3 20.64229965209961 73.14530181884766 76
 4 20.65010070800781 73.15869903564453 77
 4 20.67060089111328 73.21489715576172 78
 4 20.68129920959473 73.21060180664062 79
 4 20.69149971008301 73.25129699707031 80
 4 20.67709922790527 73.23539733886719 81
 4 20.66900062561035 73.24980163574219 82
 4 20.66110038757324 73.21230316162109 83
 4 20.68770027160645 73.24819946289062 84
 4 20.68580055236816 73.25189971923828 85
 4 20.68400001525879 73.20619964599609 86
 4 20.66329956054688 73.23760223388672 87
 4 20.67049980163574 73.20670318603516 88
 4 20.69429969787598 73.22779846191406 89
 4 20.6026001 73.18900299000001 90
 4 20.60449982 73.1832962 91
 4 20.60379982 73.19940185999999 92
 4 20.61809921264648 73.17919921875 93
 4 20.61289978027344 73.20040130615234 94
 4 20.63170051574707 73.19809722900391 95
 4 20.60589981 73.16410064999999 96
 4 20.65080070495605 73.17530059814453 97
 4 20.64970016479492 73.19110107421875 98
 4 20.6609992980957 73.18669891357422 99
 4 20.62849998474121 73.17500305175781 100
 4 20.62759971618652 73.16089630126953 101
 4 20.6653003692627 73.19779968261719 102
 4 20.65460014343262 73.22219848632812 103
 5 20.67639923095703 73.18440246582031 104
 5 20.69440078735352 73.18499755859375 105
 5 20.70210075378418 73.18049621582031 106
 5 20.7096996307373 73.16300201416016 107
 5 20.68829917907715 73.21450042724609 108
 5 20.7362003326416 73.14559936523438 109
 5 20.72380065917969 73.1416015625 110
 5 20.73360061645508 73.13510131835938 111
 5 20.75930023193359 73.10980224609375 112
 5 20.75029945373535 73.13430023193359 113
 5 20.75699996948242 73.11009979248047 114
 5 20.74320030212402 73.17469787597656 115
 5 20.74290084838867 73.17659759521484 116
 5 20.74309921264648 73.17579650878906 117
 5 20.74360084533691 73.17430114746094 118
 5 20.74200057983398 73.17220306396484 119
 5 20.74270057678223 73.177001953125 120
 5 20.72590065002441 73.16390228271484 121
 5 20.72579956054688 73.16470336914062 122
 5 20.73530006408691 73.22019958496094 123
 5 20.72719955444336 73.24690246582031 124
 5 20.72929954528809 73.23380279541016 125
 5 20.73629951477051 73.23210144042969 126
 5 20.71680068969727 73.2113037109375 127
 5 20.70929908752441 73.25019836425781 128
 5 20.70499992370605 73.23020172119141 129
 5 20.71820068359375 73.18190002441406 130
 5 20.70639991760254 73.19020080566406 131
 6 20.68849945068359 73.17019653320312 132
 6 20.67950057983398 73.17410278320312 133
 6 20.68000030517578 73.16419982910156 134
 6 20.68059921264648 73.14839935302734 135
 6 20.67130088806152 73.14689636230469 136
 6 20.66279983520508 73.16089630126953 137
 6 20.66570091247559 73.17150115966797 138
 6 20.70350074768066 73.15470123291016 139
 6 20.70109939575195 73.13980102539062 140
 6 20.69389915466309 73.15019989013672 141
 6 20.65180015563965 73.14649963378906 142
 6 20.65229988098145 73.15709686279297 143
 6 20.65929985046387 73.14440155029297 144
 6 20.68210029602051 73.12989807128906 145
 6 20.7632007598877 73.14769744873047 146
 6 20.77199935913086 73.17240142822266 147
 6 20.77289962768555 73.15969848632812 148
 6 20.78000068664551 73.14140319824219 149
 6 20.78190040588379 73.16100311279297 150
 6 20.79120063781738 73.15180206298828 151
 6 20.80089950561523 73.15789794921875 152
 6 20.81500053405762 73.15249633789062 153
 6 20.81340026855469 73.15589904785156 154
 6 20.81649971008301 73.15339660644531 155
 6 20.80820083618164 73.15850067138672 156
 6 20.81719970703125 73.16339874267578 157
 7 20.71089935302734 73.04509735107422 158
 7 20.70879936218262 73.04229736328125 159
 7 20.72599983215332 73.03510284423828 160
 7 20.71170043945312 73.02290344238281 161
 7 20.72120094299316 73.02020263671875 162
 7 20.75270080566406 73.05010223388672 163
 7 20.76149940490723 73.05339813232422 164
 7 20.73800086975098 73.04440307617188 165
 7 20.74679946899414 73.03929901123047 166
 7 20.75589942932129 73.00039672851562 167
 7 20.75160026550293 73.02510070800781 168
 7 20.77059936523438 73.05319976806641 169
 7 20.76140022277832 73.04540252685547 170
 7 20.73730087280273 73.03579711914062 171
 7 20.73450088500977 73.02999877929688 172
 7 20.74629974365234 73.006103515625 173
 7 20.75600051879883 73.00990295410156 174
 7 20.75779914855957 73.01979827880859 175
 7 20.79840087890625 73.06950378417969 176
 7 20.79059982299805 73.08779907226562 177
 7 20.78470039367676 73.07350158691406 178
 7 20.79129981994629 73.06230163574219 179
 7 20.80100059509277 73.08489990234375 180
 7 20.82099914550781 73.09380340576172 181
 7 20.81080055236816 73.09500122070312 182
 7 20.80060005187988 73.08499908447266 183
 8 20.79350090026855 73.13030242919922 184
 8 20.78800010681152 73.1322021484375 185
 8 20.8075008392334 73.12339782714844 186
 8 20.79280090332031 73.13040161132812 187
