# Created by Octave 4.2.1, Fri Dec 01 00:08:39 2017 IST <shubham1172@shubham1172>
# name: to_save
# type: matrix
# rows: 552
# columns: 3
 1 20.75799942 73.05999756
 1 20.75729942 73.05999756
 1 20.7548008 73.06800079
 1 20.7682991 73.06330109
 1 20.7614994 73.05339813000001
 1 20.77059937 73.05319977000001
 1 20.75270081 73.05010222999999
 1 20.76140022 73.04540253
 1 20.75279999 73.0739975
 1 20.75149918 73.07330322
 1 20.74670029 73.0719986
 1 20.76420021 73.08209991
 1 20.73690033 73.05590057000001
 1 20.73419952 73.05500031
 1 20.74679947 73.03929900999999
 1 20.73800087 73.04440308
 1 20.73730087 73.03579712
 1 20.75160027 73.02510071
 1 20.73450089 73.02999878
 1 20.72599983 73.03510283999999
 2 20.63380051 73.07630157
 2 20.63669968 73.07579803
 2 20.64349937 73.07939911
 2 20.62330055 73.08699799
 2 20.62039948 73.08499908
 2 20.63479996 73.09329987
 2 20.63430023 73.09369658999999
 2 20.64819908 73.09449768
 2 20.64170074 73.10289763999999
 2 20.62969971 73.10890198
 2 20.62439919 73.10720062
 2 20.63549995 73.10970306
 2 20.61420059 73.10230255
 2 20.60910034 73.09429932
 2 20.61009979 73.08339691
 2 20.61149979 73.07340240000001
 2 20.6515007 73.11250305
 2 20.63500023 73.12229919000001
 2 20.65850067 73.10449982
 2 20.61669922 73.12509918000001
 3 20.68129921 73.21060181
 3 20.68400002 73.20619965
 3 20.6704998 73.20670319
 3 20.67060089 73.21489716000001
 3 20.66110039 73.21230316
 3 20.66530037 73.19779968
 3 20.65460014 73.22219849
 3 20.67709923 73.23539734000001
 3 20.66329956 73.23760222999999
 3 20.6942997 73.22779846
 3 20.67639923 73.18440246999999
 3 20.6609993 73.18669891
 3 20.64970016 73.19110107
 3 20.69440079 73.18499756
 3 20.67950058 73.17410278
 3 20.66570091 73.17150116000001
 3 20.70639992 73.19020080999999
 4 20.81649971 73.15339661
 4 20.81340027 73.15589905
 4 20.8192997 73.16079712
 4 20.81739998 73.16320038000001
 4 20.81719971 73.16339874000001
 4 20.80820084 73.15850067
 4 20.80089951 73.15789795000001
 4 20.83049965 73.15760040000001
 4 20.81119919 73.18090057000001
 4 20.80990028 73.18190002
 4 20.80999947 73.1832962
 4 20.80830002 73.18659973
 4 20.79120064 73.15180205999999
 4 20.8090992 73.19219971
 4 20.79220009 73.18740081999999
 4 20.78190041 73.16100311
 4 20.78389931 73.18340302
 4 20.77289963 73.15969849
 4 20.77199936 73.17240142999999
 4 20.77750015 73.19190216
 4 20.78000069 73.1414032
 4 20.8132 73.13189697
 4 20.78800011 73.13220215
 4 20.7935009 73.13030243
 4 20.7928009 73.13040161000001
 4 20.80750084 73.12339783
 5 20.85519981 73.19860077
 5 20.85849953 73.1894989
 5 20.84289932 73.18560028
 5 20.83749962 73.19229889
 5 20.84980011 73.17860199
 5 20.85639954 73.17649840999999
 5 20.84980011 73.16860199
 5 20.86899948 73.17639923
 5 20.87619972 73.18869780999999
 5 20.86700058 73.15670013
 5 20.88129997 73.16639709
 5 20.8696003 73.15540314
 5 20.88759995 73.18070221000001
 5 20.88759995 73.17150116000001
 5 20.86949921 73.15119934000001
 5 20.88619995 73.15180205999999
 5 20.84910011 73.13680266999999
 5 20.88139915 73.13539886
 5 20.83720016 73.13899994000001
 5 20.85790062 73.12960052
 5 20.83200073 73.1371994
 5 20.85980034 73.11599731
 5 20.86739922 73.11620331
 5 20.86879921 73.11360168
 5 20.86700058 73.11209869
 5 20.86470032 73.10240173
 6 20.76939964 72.96140289
 6 20.77050018 72.95890045
 6 20.76670074 72.95520019999999
 6 20.76849937 72.95140076
 6 20.7635994 72.96880341000001
 6 20.75659943 72.96070099000001
 6 20.76569939 72.97219849
 6 20.77009964 72.97329712
 6 20.75790024 72.97399901999999
 6 20.78059959 72.96720123
 6 20.77910042 72.97709656000001
 6 20.78420067 72.95490264999999
 6 20.7845993 72.98049927
 6 20.74880028 72.95469666
 6 20.76650047 72.99099731
 7 20.79389954 73.01619719999999
 7 20.78230095 73.01940155
 7 20.79899979 73.00910186999999
 7 20.79260063 73.00440216
 7 20.80509949 73.01740264999999
 7 20.81119919 73.00990295
 7 20.8125 73.01260376
 7 20.8090992 73.00440216
 7 20.81469917 73.01509857000001
 7 20.81940079 73.01349639999999
 7 20.82060051 73.01450348
 7 20.82099915 73.00579834
 7 20.81019974 72.99559784
 7 20.80550003 72.99430083999999
 7 20.81010056 72.99430083999999
 7 20.81520081 72.99569701999999
 7 20.80949974 72.9835968
 7 20.80170059 72.98380280000001
 7 20.79750061 72.98480225
 7 20.82040024 72.98459625
 7 20.82629967 72.98940277
 7 20.80960083 72.97480011
 7 20.7961998 72.97190094
 7 20.82290077 72.97329712
 8 21.04389954 73.00460052
 8 21.03059959 72.98639679
 8 21.02689934 72.99710082999999
 8 21.03249931 72.97440338
 8 21.03219986 72.97350311
 8 21.03300095 72.97319794000001
 8 21.03409958 72.97070313
 8 21.03280067 72.96929932
 8 21.01429939 72.96260071
 8 21.00620079 72.9897995
 8 21.00139999 72.96970367
 8 20.99769974 72.98909759999999
 8 21.05579948 72.95760344999999
 8 21.03590012 72.94390106
 8 21.04859924 72.9434967
 8 21.00699997 72.9434967
 8 21.01519966 72.93669891
 8 21.05290031 72.94000244
 8 20.98690033 72.98300171
 8 20.98889923 72.94719696
 8 21.02899933 72.92199707
 9 20.85280037 72.92060089
 9 20.85379982 72.92900084999999
 9 20.85919952 72.90950012
 9 20.85919952 72.90920258
 9 20.84630013 72.94249725
 9 20.85309982 72.94680022999999
 9 20.87960052 72.94110107
 9 20.88870049 72.91750336
 9 20.88960075 72.9088974
 9 20.88870049 72.94740295
 9 20.8987999 72.93560028
 9 20.8980999 72.94080353
 9 20.90570068 72.91829681
 9 20.90570068 72.94450378000001
 9 20.89789963 72.95999908
 9 20.8593998 72.96759796000001
 9 20.85400009 72.97360229
 9 20.86100006 72.97709656000001
 9 20.90740013 72.97019958
 9 20.92110062 72.93569946
 9 20.92079926 72.95099639999999
 9 20.92519951 72.94750214
 9 20.92539978 72.92849731
 9 20.91320038 72.90570068
 9 20.91349983 72.90589905
 9 20.92670059 72.91320038000001
 10 20.94029999 72.92279816
 10 20.93540001 72.92060089
 11 20.93959999 73.01100159000001
 11 20.96290016 73.01399994000001
 11 20.97299957 73.01380157
 11 20.9654007 73.03679657000001
 11 20.97120094 73.03790282999999
 11 20.95210075 73.04550171
 11 20.96409988 73.05429839999999
 11 20.97970009 73.04779816
 11 20.95789909 73.06040192
 11 20.95689964 73.06289673000001
 11 20.99069977 73.03430176000001
 11 20.99290085 73.04109955
 11 20.9368 73.05809784
 11 20.92819977 73.03500366
 11 20.99720001 73.01480103
 11 20.99699974 73.01229858000001
 11 20.96220016 72.99210358000001
 11 20.9564991 72.99279785
 11 20.97730064 72.9885025
 11 20.95730019 72.98660278
 12 20.91309929 73.09449768
 12 20.91860008 73.09220123
 12 20.92060089 73.09200287
 12 20.92219925 73.09030151
 12 20.91150093 73.07389832
 12 20.89789963 73.09320068
 12 20.90810013 73.07150269
 12 20.89730072 73.07119751
 12 20.91379929 73.05909729
 12 20.8946991 73.10800171
 12 20.89319992 73.05490112
 12 20.91150093 73.04879760999999
 12 20.87630081 73.06130219000001
 12 20.87919998 73.05139923
 12 20.8913002 73.04309845
 12 20.89990044 73.0388031
 12 20.91449928 73.03379821999999
 12 20.86380005 73.08059692
 12 20.8635006 73.08049774
 13 20.77639961 73.22869873
 13 20.77470016 73.21959686
 13 20.75799942 73.22450256
 13 20.76679993 73.21089935000001
 13 20.78070068 73.20899962999999
 13 20.74959946 73.22450256
 13 20.75460052 73.20529938
 13 20.76099968 73.24199677
 13 20.74119949 73.20999908
 13 20.74869919 73.24389648
 13 20.73530006 73.22019958
 13 20.73629951 73.23210143999999
 13 20.72929955 73.23380280000001
 13 20.7602005 73.19129943999999
 13 20.78930092 73.20809937
 13 20.79100037 73.23220062
 13 20.79170036 73.24140167
 13 20.79290009 73.2397995
 13 20.79800034 73.22170258
 13 20.79920006 73.22949982
 13 20.7791996 73.25530243
 13 20.79910088 73.21269989
 14 20.76239967 73.36109924
 14 20.77169991 73.35449982
 14 20.76670074 73.34970093
 14 20.77540016 73.35790253
 14 20.77739906 73.36630249
 14 20.77960014 73.3483963
 14 20.78359985 73.36450195
 14 20.75810051 73.3730011
 14 20.75300026 73.36930083999999
 14 20.75469971 73.34380341000001
 14 20.79080009 73.36859894
 15 20.73870087 73.37779999
 15 20.72310066 73.36499786
 15 20.7322998 73.38420105
