# Created by Octave 4.2.1, Thu Nov 30 23:07:37 2017 IST <shubham1172@shubham1172>
# name: last_schools
# type: matrix
# rows: 28
# columns: 3
 20.76149940490723 73.06600189208984 26
 20.7682991027832 73.06330108642578 50
 20.64229965209961 73.14530181884766 76
 20.65460014343262 73.22219848632812 103
 20.70639991760254 73.19020080566406 131
 20.81719970703125 73.16339874267578 157
 20.80060005187988 73.08499908447266 183
 20.83760070800781 73.08540344238281 211
 20.86470031738281 73.10240173339844 239
 20.77179908752441 72.85099792480469 265
 20.77910041809082 72.97709655761719 294
 20.74279975891113 72.98490142822266 319
 20.70890045166016 73.35449981689453 347
 21.00699996948242 72.94349670410156 375
 21.01580047607422 72.86479949951172 402
 20.79540061950684 72.88339996337891 430
 20.93959999084473 72.9010009765625 458
 20.92670059204102 72.91320037841797 484
 20.90539932250977 72.99250030517578 508
 20.86059951782227 73.00759887695312 533
 20.91410064697266 73.12419891357422 558
 20.77540016174316 73.35790252685547 586
 20.76110076904297 73.32360076904297 615
 20.73859977722168 73.39129638671875 640
 20.81410026550293 73.47879791259766 663
 20.74090003967285 73.35980224609375 687
 20.79360008239746 73.47229766845703 718
 20.62290000915527 73.29609680175781 742


