# Created by Octave 4.2.1, Wed Oct 25 23:31:21 2017 IST <shubham1172@shubham1172>
# name: data
# type: matrix
# rows: 738
# columns: 3
 20.6515007 73.11250305 21
 20.64170074 73.10289763999999 58
 20.67860031 73.10179900999999 145
 20.67749977 73.11620331 119
 20.67099953 73.10890198 36
 20.64949989 73.13279724 95
 20.66090012 73.12419891 147
 20.66180038 73.12169647 26
 20.72319984 73.1108017 178
 20.71339989 73.10839844 54
 20.7159996 73.11849976000001 55
 20.71590042 73.13020324999999 52
 20.70899963 73.09420013 260
 20.72979927 73.08309937 59
 20.72030067 73.10949707 29
 20.71430016 73.09279633 109
 20.69350052 73.0943985 33
 20.69759941 73.08989716000001 28
 20.76420021 73.08209991 200
 20.73789978 73.09339905 105
 20.7548008 73.06800079 95
 20.75279999 73.0739975 74
 20.74670029 73.0719986 91
 20.75149918 73.07330322 53
 20.74119949 73.09999847 55
 20.7614994 73.06600189 228
 20.64349937 73.07939911 72
 20.69319916 73.05919647 54
 20.68939972 73.05210114 145
 20.6637001 73.05979919000001 34
 20.66830063 73.07240295 56
 20.67029953 73.05190277 18
 20.6746006 73.06069946 56
 20.67449951 73.05639648 22
 20.68330002 73.04540253 49
 20.69070053 73.06800079 142
 20.6697998 73.04360199 148
 20.67510033 73.03089905 55
 20.71409988 73.06590271 93
 20.71310043 73.06999969 51
 20.71209908 73.06479645 32
 20.71139908 73.0684967 62
 20.71990013 73.06800079 28
 20.71680069 73.05960082999999 16
 20.71010017 73.05010222999999 15
 20.73419952 73.05500031 61
 20.73690033 73.05590057000001 58
 20.75729942 73.05999756 91
 20.75799942 73.05999756 136
 20.7682991 73.06330109 124
 20.63430023 73.09369658999999 277
 20.63479996 73.09329987 181
 20.64819908 73.09449768 145
 20.65850067 73.10449982 12
 20.63549995 73.10970306 116
 20.62969971 73.10890198 120
 20.62439919 73.10720062 47
 20.66589928 73.08920288 42
 20.63669968 73.07579803 31
 20.63380051 73.07630157 17
 20.62870026 73.07330322 59
 20.62039948 73.08499908 57
 20.62330055 73.08699799 81
 20.61149979 73.07340240000001 199
 20.61669922 73.12509918000001 339
 20.60790062 73.12020111 62
 20.62669945 73.14070129 146
 20.60519981 73.13569640999999 148
 20.63299942 73.13339996000001 6
 20.61429977 73.15450287 245
 20.63500023 73.12229919000001 106
 20.60910034 73.09429932 148
 20.61009979 73.08339691 36
 20.60059929 73.11340332 64
 20.61420059 73.10230255 131
 20.64229965 73.14530182 128
 20.65010071 73.15869904 34
 20.67060089 73.21489716000001 234
 20.68129921 73.21060181 145
 20.69149971 73.25129699999999 60
 20.67709923 73.23539734000001 137
 20.66900063 73.24980164 50
 20.66110039 73.21230316 266
 20.68770027 73.24819946 40
 20.68580055 73.25189972 300
 20.68400002 73.20619965 67
 20.66329956 73.23760222999999 257
 20.6704998 73.20670319 97
 20.6942997 73.22779846 28
 20.6026001 73.18900299000001 263
 20.60449982 73.1832962 69
 20.60379982 73.19940185999999 50
 20.61809921 73.17919922 86
 20.61289978 73.20040131 161
 20.63170052 73.19809723 259
 20.60589981 73.16410064999999 36
 20.6508007 73.1753006 229
 20.64970016 73.19110107 58
 20.6609993 73.18669891 63
 20.62849998 73.17500305 192
 20.62759972 73.1608963 103
 20.66530037 73.19779968 160
 20.65460014 73.22219849 37
 20.67639923 73.18440246999999 39
 20.69440079 73.18499756 40
 20.70210075 73.18049621999999 145
 20.70969963 73.16300201 85
 20.68829918 73.21450043 108
 20.73620033 73.14559937 100
 20.72380066 73.14160156 183
 20.73360062 73.13510132 114
 20.75930023 73.10980225 164
 20.75029945 73.13430022999999 25
 20.75699997 73.11009979000001 31
 20.7432003 73.17469788 157
 20.74290085 73.17659759999999 47
 20.74309921 73.17579651 34
 20.74360085 73.17430115000001 43
 20.74200058 73.17220306 43
 20.74270058 73.17700195 55
 20.72590065 73.16390228 160
 20.72579956 73.16470337 40
 20.73530006 73.22019958 173
 20.72719955 73.24690246999999 116
 20.72929955 73.23380280000001 40
 20.73629951 73.23210143999999 38
 20.71680069 73.21130371 203
 20.70929909 73.25019836 165
 20.70499992 73.23020172 196
 20.71820068 73.18190002 113
 20.70639992 73.19020080999999 42
 20.68849945 73.17019653 78
 20.67950058 73.17410278 169
 20.68000031 73.16419983 145
 20.68059921 73.14839935000001 76
 20.67130089 73.14689636 43
 20.66279984 73.1608963 194
 20.66570091 73.17150116000001 55
 20.70350075 73.15470123 120
 20.7010994 73.13980103 40
 20.69389915 73.15019989 65
 20.65180016 73.14649962999999 51
 20.65229988 73.15709686 33
 20.65929985 73.14440155 30
 20.6821003 73.12989807 80
 20.76320076 73.14769745 65
 20.77199936 73.17240142999999 85
 20.77289963 73.15969849 36
 20.78000069 73.1414032 22
 20.78190041 73.16100311 42
 20.79120064 73.15180205999999 157
 20.80089951 73.15789795000001 106
 20.81500053 73.15249634 12
 20.81340027 73.15589905 293
 20.81649971 73.15339661 24
 20.80820084 73.15850067 45
 20.81719971 73.16339874000001 21
 20.71089935 73.04509735000001 175
 20.70879936 73.04229736000001 40
 20.72599983 73.03510283999999 145
 20.71170044 73.02290343999999 50
 20.72120094 73.02020263999999 30
 20.75270081 73.05010222999999 160
 20.7614994 73.05339813000001 163
 20.73800087 73.04440308 17
 20.74679947 73.03929900999999 29
 20.75589943 73.00039673000001 172
 20.75160027 73.02510071 42
 20.77059937 73.05319977000001 60
 20.76140022 73.04540253 14
 20.73730087 73.03579712 64
 20.73450089 73.02999878 101
 20.74629974 73.00610352 15
 20.75600052 73.00990295 15
 20.75779915 73.01979828 170
 20.79840088 73.06950378000001 112
 20.79059982 73.08779907 64
 20.78470039 73.07350159000001 123
 20.79129982 73.06230164 60
 20.8010006 73.0848999 112
 20.82099915 73.09380341000001 22
 20.81080055 73.09500122 34
 20.80060005 73.08499908 109
 20.7935009 73.13030243 79
 20.78800011 73.13220215 29
 20.80750084 73.12339783 145
 20.7928009 73.13040161000001 138
 20.8132 73.13189697 27
 20.83200073 73.1371994 82
 20.77960014 73.10690308 300
 20.78129959 73.12110138 19
 20.7833004 73.12680054 106
 20.78510094 73.11560059 19
 20.83359909 73.10880280000001 183
 20.82920074 73.09239959999999 83
 20.82570076 73.07579803 73
 20.83359909 73.10890198 20
 20.78389931 73.18340302 97
 20.80999947 73.1832962 47
 20.8090992 73.19219971 8
 20.80830002 73.18659973 14
 20.79220009 73.18740081999999 134
 20.80990028 73.18190002 63
 20.81119919 73.18090057000001 34
 20.84329987 73.2193985 136
 20.84569931 73.23549652 105
 20.83749962 73.22669983 46
 20.85059929 73.10269928 130
 20.84950066 73.10340118000001 38
 20.84059906 73.08570099000001 117
 20.83760071 73.08540343999999 18
 20.83720016 73.13899994000001 142
 20.8192997 73.16079712 100
 20.81739998 73.16320038000001 145
 20.83049965 73.15760040000001 88
 20.83749962 73.19229889 177
 20.84760094 73.19840240000001 35
 20.85519981 73.19860077 40
 20.84980011 73.17860199 37
 20.84289932 73.18560028 20
 20.84980011 73.16860199 192
 20.8696003 73.15540314 89
 20.86700058 73.15670013 20
 20.86949921 73.15119934000001 15
 20.88619995 73.15180205999999 41
 20.88129997 73.16639709 43
 20.88759995 73.17150116000001 38
 20.88759995 73.18070221000001 29
 20.86899948 73.17639923 161
 20.85639954 73.17649840999999 13
 20.87619972 73.18869780999999 50
 20.85849953 73.1894989 41
 20.85980034 73.11599731 29
 20.88139915 73.13539886 140
 20.84910011 73.13680266999999 42
 20.85790062 73.12960052 108
 20.86380005 73.08059692 21
 20.87220001 73.10150145999999 22
 20.86470032 73.10240173 36
 20.82629967 72.98940277 50
 20.82040024 72.98459625 20
 20.80960083 72.97480011 145
 20.7961998 72.97190094 111
 20.81389999 72.95420074 27
 20.81200027 72.95480347 150
 20.80069923 72.95839691 17
 20.81570053 72.94450378000001 35
 20.81539917 72.92659759999999 80
 20.80620003 72.91320038000001 98
 20.84519958 73.05860138 208
 20.82099915 73.00579834 53
 20.85230064 73.04029846 47
 20.83769989 73.02249908 107
 20.82060051 73.01450348 19
 20.76849937 72.95140076 63
 20.76539993 72.93599700999999 119
 20.78420067 72.95490264999999 50
 20.7989006 72.94889832 157
 20.7989006 72.94239807 38
 20.78370094 72.94280243 61
 20.79210091 72.93530273 52
 20.76479912 72.87480164 10
